<?xml version="1.0" encoding="UTF-8"?>
<document version="1.4.0">
  <chunk label="Chunk 1" enabled="1">
    <sensors next_id="2">
      <sensor id="0" label="ILCE-6000 (16mm)" type="frame">
        <resolution width="6000" height="3376"/>
        <property name="pixel_width" value="0.00418971530846188"/>
        <property name="pixel_height" value="0.00418971530846188"/>
        <property name="focal_length" value="16"/>
        <property name="fixed" value="0"/>
        <property name="layer_index" value="0"/>
        <bands>
          <band label="Red"/>
          <band label="Green"/>
          <band label="Blue"/>
        </bands>
        <calibration type="frame" class="adjusted">
          <resolution width="6000" height="3376"/>
          <fx>4072.44263088896</fx>
          <fy>4068.87835210056</fy>
          <cx>3012.85272618566</cx>
          <cy>1666.79838795247</cy>
          <skew>1.26819623056524</skew>
          <k1>-0.062713478121531</k1>
          <k2>0.0489947980240756</k2>
          <k3>-0.0175442532351791</k3>
          <p1>-0.00130066600867267</p1>
          <p2>0.00133376112397454</p2>
        </calibration>
        <covariance>
          <params>f cx cy b1 b2 k1 k2 k3 p1 p2</params>
          <coeffs>2.6945446942644707e-02 1.9487773233977930e-03 -4.7503830567614692e-03 -3.8484108097768892e-03 -7.2805790467916172e-04 -1.3292377928717112e-06 3.3273057037533671e-06 -2.5554538294240853e-06 1.9902803099307482e-09 -3.7001619049030399e-07 1.9487773233977932e-03 1.2118667932485434e-02 -4.7290013006464319e-04 8.0495065605592350e-05 1.7144582625528892e-03 -1.2537945041256451e-07 2.2027693388770453e-07 -1.9925733969900630e-07 4.1590985310359607e-07 -5.0319998334355949e-08 -4.7503830567614709e-03 -4.7290013006464141e-04 3.5618019467210174e-02 -2.2969407837768272e-03 -1.6383050115780553e-05 -2.4139236720304316e-08 -3.1028858915683903e-07 1.5233262644698578e-07 -6.5311740507904784e-08 1.4235640138089631e-06 -3.8484108097768892e-03 8.0495065605592459e-05 -2.2969407837768268e-03 3.8925563034979170e-03 1.3552701408309787e-04 1.4163957047300675e-07 -3.2415834016220779e-07 3.1154315898799650e-07 1.9485394230975835e-08 -4.2892443053080524e-09 -7.2805790467916085e-04 1.7144582625528899e-03 -1.6383050115780241e-05 1.3552701408309787e-04 2.0757901892417161e-03 3.8551391370472942e-08 -7.7527824789349105e-08 4.7937808766467105e-08 3.0909783842705981e-09 1.8978958643417265e-08 -1.3292377928717098e-06 -1.2537945041256454e-07 -2.4139236720304253e-08 1.4163957047300680e-07 3.8551391370473008e-08 2.2449178852122423e-09 -7.1584371666941118e-09 6.7123734410378239e-09 1.6161872357024917e-12 7.3814686764368011e-13 3.3273057037533709e-06 2.2027693388770469e-07 -3.1028858915683829e-07 -3.2415834016220842e-07 -7.7527824789349383e-08 -7.1584371666941135e-09 2.5498535908199320e-08 -2.5060812500885963e-08 8.8918850204919751e-12 -2.3038601572561856e-11 -2.5554538294240773e-06 -1.9925733969900593e-07 1.5233262644698708e-07 3.1154315898799492e-07 4.7937808766467131e-08 6.7123734410378231e-09 -2.5060812500885963e-08 2.5539083950806532e-08 -7.5138781376455709e-12 1.5716215951495097e-11 1.9902803099307044e-09 4.1590985310359601e-07 -6.5311740507904784e-08 1.9485394230975848e-08 3.0909783842705981e-09 1.6161872357024901e-12 8.8918850204919702e-12 -7.5138781376455693e-12 2.9488767137015889e-11 -3.5205241521160625e-12 -3.7001619049030404e-07 -5.0319998334355882e-08 1.4235640138089626e-06 -4.2892443053079978e-09 1.8978958643417239e-08 7.3814686764368910e-13 -2.3038601572561869e-11 1.5716215951495097e-11 -3.5205241521160657e-12 7.5433156119569621e-11</coeffs>
        </covariance>
      </sensor>
      <sensor id="1" label="ILCE-6000 (50mm)" type="frame">
        <resolution width="6000" height="3376"/>
        <property name="pixel_width" value="0.00418971530846188"/>
        <property name="pixel_height" value="0.00418971530846188"/>
        <property name="focal_length" value="50"/>
        <property name="fixed" value="0"/>
        <property name="layer_index" value="0"/>
        <bands>
          <band label="Red"/>
          <band label="Green"/>
          <band label="Blue"/>
        </bands>
        <rotation fixed="1"/>
        <location fixed="1"/>
      </sensor>
    </sensors>
    <cameras next_id="388" next_group_id="0">
      <camera id="0" sensor_id="0" label="DSC01129" enabled="1">
        <transform>-5.7036412488595900e-01 -1.8691652365567771e-01 7.9984184575924167e-01 -1.6240559675825715e+01 3.8358292136562694e-02 -9.7876271846062279e-01 -2.0137572439581108e-01 6.9238527824280718e+00 8.2049582964658641e-01 -8.4176921635612315e-02 5.6542094000533027e-01 -1.9139540793328305e+01 0.0000000000000000e+00 0.0000000000000000e+00 0.0000000000000000e+00 1.0000000000000000e+00</transform>
        <orientation>1</orientation>
      </camera>
      <camera id="1" sensor_id="0" label="DSC01130" enabled="1">
        <transform>-5.8848109960119310e-01 -1.7819237764443402e-01 7.8863012367116325e-01 -1.6241423608132187e+01 4.3448876333192513e-02 -9.8097099368808494e-01 -1.8923029537575134e-01 6.6886866890720045e+00 8.0734267232542201e-01 -7.7093359584562010e-02 5.8502514762222990e-01 -1.9165581659860973e+01 0.0000000000000000e+00 0.0000000000000000e+00 0.0000000000000000e+00 1.0000000000000000e+00</transform>
        <orientation>1</orientation>
      </camera>
      <camera id="2" sensor_id="0" label="DSC01131" enabled="1">
        <transform>-5.9713701173825084e-01 -1.8807952071276640e-01 7.7977784214529200e-01 -1.6236774856442121e+01 4.1018940901745501e-02 -9.7801069211857683e-01 -2.0448113015396147e-01 6.4255105613494115e+00 8.0108978004940934e-01 -9.0117589793548517e-02 5.9172120488469093e-01 -1.9127030935948611e+01 0.0000000000000000e+00 0.0000000000000000e+00 0.0000000000000000e+00 1.0000000000000000e+00</transform>
        <orientation>1</orientation>
      </camera>
      <camera id="3" sensor_id="0" label="DSC01132" enabled="1">
        <transform>-6.1589962702032741e-01 -1.5500434075666000e-01 7.7242559757093410e-01 -1.6229579465985388e+01 2.8316665976080208e-02 -9.8417569383334158e-01 -1.7491818114667138e-01 6.0734233059518399e+00 7.8731557577900146e-01 -8.5859524889518674e-02 6.1054264889647580e-01 -1.9107582791702757e+01 0.0000000000000000e+00 0.0000000000000000e+00 0.0000000000000000e+00 1.0000000000000000e+00</transform>
        <orientation>1</orientation>
      </camera>
      <camera id="4" sensor_id="0" label="DSC01133" enabled="1">
        <transform>-6.2751393730139249e-01 -1.3528757351743742e-01 7.6676171718746367e-01 -1.6198875738491221e+01 3.4621648973094624e-02 -9.8866297077993026e-01 -1.4610568651146555e-01 5.8262247366377835e+00 7.7783520100011416e-01 -6.5136799586461069e-02 6.2508367233894790e-01 -1.9077709090371378e+01 0.0000000000000000e+00 0.0000000000000000e+00 0.0000000000000000e+00 1.0000000000000000e+00</transform>
        <orientation>1</orientation>
      </camera>
      <camera id="5" sensor_id="0" label="DSC01134" enabled="1">
        <transform>-6.3005784483936589e-01 -1.0646603759754647e-01 7.6921524620528103e-01 -1.6159801778753991e+01 3.1074761772994168e-02 -9.9322027195210449e-01 -1.1201718869949914e-01 5.3507579509487533e+00 7.7592620224936670e-01 -4.6674127968986796e-02 6.2909463075216976e-01 -1.8988966764038402e+01 0.0000000000000000e+00 0.0000000000000000e+00 0.0000000000000000e+00 1.0000000000000000e+00</transform>
        <orientation>1</orientation>
      </camera>
      <camera id="6" sensor_id="0" label="DSC01135" enabled="1">
        <transform>-6.6651395812971548e-01 -7.3710960612028031e-02 7.4183949605282684e-01 -1.6092284487332698e+01 3.4615810669093305e-02 -9.9708653494296784e-01 -6.7971961036498482e-02 4.8919568563420093e+00 7.4468845114583415e-01 -1.9624885250055176e-02 6.6712365765946358e-01 -1.8961191304265100e+01 0.0000000000000000e+00 0.0000000000000000e+00 0.0000000000000000e+00 1.0000000000000000e+00</transform>
        <orientation>1</orientation>
      </camera>
      <camera id="7" sensor_id="0" label="DSC01136" enabled="1">
        <transform>-6.6858881091897437e-01 -9.9044351927830093e-02 7.3700693230467529e-01 -1.5652976461310182e+01 5.6615483619511686e-02 -9.9499365917884675e-01 -8.2354752190859581e-02 3.4524011287903580e+00 7.4147399747292608e-01 -1.3335461937451713e-02 6.7084907134647964e-01 -1.9196813117468757e+01 0.0000000000000000e+00 0.0000000000000000e+00 0.0000000000000000e+00 1.0000000000000000e+00</transform>
        <orientation>1</orientation>
      </camera>
      <camera id="8" sensor_id="0" label="DSC01137" enabled="1">
        <transform>-6.8878363995550407e-01 -9.1335132837540300e-02 7.1919051081003238e-01 -1.5644231810670789e+01 6.2984471076099946e-02 -9.9582017707626236e-01 -6.6144775538703390e-02 2.9741194194514073e+00 7.2222576368675073e-01 -2.6160533326786972e-04 6.9165734134016010e-01 -1.9108039923119708e+01 0.0000000000000000e+00 0.0000000000000000e+00 0.0000000000000000e+00 1.0000000000000000e+00</transform>
        <orientation>1</orientation>
      </camera>
      <camera id="9" sensor_id="0" label="DSC01138" enabled="1">
        <transform>-6.8539348010839873e-01 -1.1557742296358614e-01 7.1894202598401091e-01 -1.5573189397126379e+01 6.6459023382160060e-02 -9.9313131741568950e-01 -9.6298414209509964e-02 2.1828026101031561e+00 7.2513376396082085e-01 -1.8222120328687204e-02 6.8836689250336502e-01 -1.8884441574883827e+01 0.0000000000000000e+00 0.0000000000000000e+00 0.0000000000000000e+00 1.0000000000000000e+00</transform>
        <orientation>1</orientation>
      </camera>
      <camera id="10" sensor_id="0" label="DSC01139" enabled="1">
        <transform>-6.6306503456083776e-01 -1.2490045723701325e-01 7.3806817823614379e-01 -1.5686599762186527e+01 6.4917392639480362e-02 -9.9186150211735924e-01 -1.0952850200010650e-01 1.5749946835961603e+00 7.4574157191062285e-01 -2.4711058242835697e-02 6.6577689320431721e-01 -1.8894116420242476e+01 0.0000000000000000e+00 0.0000000000000000e+00 0.0000000000000000e+00 1.0000000000000000e+00</transform>
        <orientation>1</orientation>
      </camera>
      <camera id="11" sensor_id="0" label="DSC01140" enabled="1">
        <transform>-6.5429542775950145e-01 -1.2128411800840927e-01 7.4645003579069735e-01 -1.5890423869187748e+01 4.8703324375408190e-02 -9.9176457564481324e-01 -1.1845257570372797e-01 7.5765817366055810e-01 7.5466911915606749e-01 -4.1148380466136052e-02 6.5481396699919259e-01 -1.8893709164129692e+01 0.0000000000000000e+00 0.0000000000000000e+00 0.0000000000000000e+00 1.0000000000000000e+00</transform>
        <orientation>1</orientation>
      </camera>
      <camera id="12" sensor_id="0" label="DSC01141" enabled="1">
        <transform>-7.0592504126081557e-01 -8.4823110626467343e-02 7.0318907558676269e-01 -1.6062062500434653e+01 4.8289292768634071e-02 -9.9625679235220110e-01 -7.1697614297885903e-02 -3.8845415122285087e-01 7.0663850753042112e-01 -1.6656638188822806e-02 7.0737866527018278e-01 -1.9123814866569731e+01 0.0000000000000000e+00 0.0000000000000000e+00 0.0000000000000000e+00 1.0000000000000000e+00</transform>
        <orientation>1</orientation>
      </camera>
      <camera id="13" sensor_id="0" label="DSC01142" enabled="1">
        <transform>-6.7701756541504055e-01 -5.9758916070569587e-02 7.3353669851586978e-01 -1.5887398180953001e+01 7.6956992211794625e-02 -9.9698230315167691e-01 -1.0193554438543223e-02 -1.8192877473526086e+00 7.3193226289678281e-01 4.9549562585843109e-02 6.7957339808025674e-01 -1.8756142161702744e+01 0.0000000000000000e+00 0.0000000000000000e+00 0.0000000000000000e+00 1.0000000000000000e+00</transform>
        <orientation>1</orientation>
      </camera>
      <camera id="14" sensor_id="0" label="DSC01143" enabled="1">
        <transform>-7.2366521479002044e-01 5.0402001217483471e-02 6.8830828498296193e-01 -1.4768278457368817e+01 2.9073216001666569e-03 -9.9709823424021016e-01 7.6070091075062449e-02 -1.9030509299902139e+00 6.9014506039239809e-01 5.7050412341436110e-02 7.2141877302136015e-01 -1.9795584475111180e+01 0.0000000000000000e+00 0.0000000000000000e+00 0.0000000000000000e+00 1.0000000000000000e+00</transform>
        <orientation>1</orientation>
      </camera>
      <camera id="15" sensor_id="0" label="DSC01144" enabled="1">
        <transform>-6.5795667706910765e-01 3.5113318393686539e-02 7.5223670873705795e-01 -1.4677752867694423e+01 1.2804196703044543e-02 -9.9824629404863885e-01 5.7796098181003445e-02 -6.4829932521993272e-01 7.5294691954145587e-01 4.7659115492653038e-02 6.5635321669318403e-01 -1.9696936555464603e+01 0.0000000000000000e+00 0.0000000000000000e+00 0.0000000000000000e+00 1.0000000000000000e+00</transform>
        <orientation>1</orientation>
      </camera>
      <camera id="16" sensor_id="0" label="DSC01145" enabled="1">
        <transform>-6.5401830721102838e-01 3.7174682190824496e-02 7.5556475356969366e-01 -1.4726240123444821e+01 1.1233532524531447e-02 -9.9820441854042430e-01 5.8836608955595712e-02 -2.1102496167650955e-01 7.5639530774578523e-01 4.6967880624790681e-02 6.5242636106289686e-01 -1.9759107576552175e+01 0.0000000000000000e+00 0.0000000000000000e+00 0.0000000000000000e+00 1.0000000000000000e+00</transform>
        <orientation>1</orientation>
      </camera>
      <camera id="17" sensor_id="0" label="DSC01146" enabled="1">
        <transform>-6.8141661908745987e-01 4.6907897744381435e-02 7.3039101881158031e-01 -1.4981581587907703e+01 2.2407551434895926e-02 -9.9613918099982102e-01 8.4880113782313221e-02 8.3493335538582025e-01 7.3155265898642474e-01 7.4204994482909292e-02 6.7773470172603911e-01 -1.9992005272685773e+01 0.0000000000000000e+00 0.0000000000000000e+00 0.0000000000000000e+00 1.0000000000000000e+00</transform>
        <orientation>1</orientation>
      </camera>
      <camera id="18" sensor_id="0" label="DSC01147" enabled="1">
        <transform>-6.1126566389110670e-01 4.9936495994588249e-02 7.8984848832896237e-01 -1.5285826055537305e+01 8.3121642203786220e-03 -9.9754727824994549e-01 6.9500615695828716e-02 1.7031193199015235e+00 7.9138182697970649e-01 4.9048690338359555e-02 6.0935131894692252e-01 -2.0132200421888026e+01 0.0000000000000000e+00 0.0000000000000000e+00 0.0000000000000000e+00 1.0000000000000000e+00</transform>
        <orientation>1</orientation>
      </camera>
      <camera id="19" sensor_id="0" label="DSC01148" enabled="1">
        <transform>-6.2085808448841684e-01 7.1945852727470616e-02 7.8061452279642540e-01 -1.5398306055270846e+01 2.7594535063988811e-02 -9.9315675873442766e-01 1.1348213169802610e-01 2.2668997001299247e+00 7.8343715801586544e-01 9.1996993730463605e-02 6.1462409046878486e-01 -2.0207100498562777e+01 0.0000000000000000e+00 0.0000000000000000e+00 0.0000000000000000e+00 1.0000000000000000e+00</transform>
        <orientation>1</orientation>
      </camera>
      <camera id="20" sensor_id="0" label="DSC01149" enabled="1">
        <transform>-6.7289342453033729e-01 3.1331730835680560e-01 6.7010947128650689e-01 -1.5085639095467688e+01 1.6210073421998733e-02 -8.9940941424879994e-01 4.3680652362377093e-01 1.3301446625085620e+00 7.3956181130686349e-01 3.0478676126872195e-01 6.0012778423585333e-01 -1.9622674291030076e+01 0.0000000000000000e+00 0.0000000000000000e+00 0.0000000000000000e+00 1.0000000000000000e+00</transform>
        <orientation>1</orientation>
      </camera>
      <camera id="21" sensor_id="0" label="DSC01150" enabled="1">
        <transform>-6.8663100208297378e-01 2.7689526172643231e-01 6.7221044399204477e-01 -1.5374208434122838e+01 4.5778867037601520e-02 -9.0632589369676098e-01 4.2009245380930271e-01 1.3439828828280935e+00 7.2556334135021261e-01 3.1922153506337581e-01 6.0963550523283816e-01 -1.9327516512757558e+01 0.0000000000000000e+00 0.0000000000000000e+00 0.0000000000000000e+00 1.0000000000000000e+00</transform>
        <orientation>1</orientation>
      </camera>
      <camera id="22" sensor_id="0" label="DSC01151" enabled="1">
        <transform>-7.1041603309733414e-01 2.7393001968247543e-01 6.4828342893753366e-01 -1.5841143492694382e+01 4.9659661498452634e-03 -9.1916839097239600e-01 3.9383347777635064e-01 1.5719853661411252e+00 7.0376444858947385e-01 2.8300497054641155e-01 6.5163163485789988e-01 -1.8865824000546272e+01 0.0000000000000000e+00 0.0000000000000000e+00 0.0000000000000000e+00 1.0000000000000000e+00</transform>
        <orientation>1</orientation>
      </camera>
      <camera id="23" sensor_id="0" label="DSC01152" enabled="1">
        <transform>-7.0205757198423713e-01 2.3710633231657430e-01 6.7148771604176061e-01 -1.6076494839846749e+01 2.9688255594001123e-02 -9.3237648083111591e-01 3.6026754707129682e-01 1.6634643320470814e+00 7.1150107034310428e-01 2.7286385830367132e-01 6.4754269491073080e-01 -1.8562325842023807e+01 0.0000000000000000e+00 0.0000000000000000e+00 0.0000000000000000e+00 1.0000000000000000e+00</transform>
        <orientation>1</orientation>
      </camera>
      <camera id="24" sensor_id="0" label="DSC01153" enabled="1">
        <transform>-6.8368068460469766e-01 2.1609346298089885e-01 6.9705404148844496e-01 -1.6381457570602084e+01 3.6002704397562951e-02 -9.4400446989334563e-01 3.2796244616944353e-01 1.6908663163003768e+00 7.2889267164275529e-01 2.4931742032659160e-01 6.3761767317663043e-01 -1.8140477683178435e+01 0.0000000000000000e+00 0.0000000000000000e+00 0.0000000000000000e+00 1.0000000000000000e+00</transform>
        <orientation>1</orientation>
      </camera>
      <camera id="25" sensor_id="0" label="DSC01154" enabled="1">
        <transform>-6.5598674169680071e-01 1.2245558662618970e-01 7.4477246459710811e-01 -1.6180737147379158e+01 1.2203019499763199e-02 -9.8490135122280331e-01 1.7268588441034974e-01 1.0328853713308048e+00 7.5467375801276093e-01 1.2236812355974090e-01 6.4458790036996916e-01 -1.8020423093889892e+01 0.0000000000000000e+00 0.0000000000000000e+00 0.0000000000000000e+00 1.0000000000000000e+00</transform>
        <orientation>1</orientation>
      </camera>
      <camera id="26" sensor_id="0" label="DSC01155" enabled="1">
        <transform>-6.3301396301778023e-01 3.3741538639831398e-02 7.7340470078396950e-01 -1.6074176135375364e+01 1.5838270578051067e-02 -9.9827609769828440e-01 5.6515324907335712e-02 6.1442584733950822e-01 7.7397834065923377e-01 4.8024382708183169e-02 6.3138830117121858e-01 -1.7970929663901174e+01 0.0000000000000000e+00 0.0000000000000000e+00 0.0000000000000000e+00 1.0000000000000000e+00</transform>
        <orientation>1</orientation>
      </camera>
      <camera id="27" sensor_id="0" label="DSC01156" enabled="1">
        <transform>-6.4609461458873829e-01 -2.3435578343013151e-02 7.6289745226154604e-01 -1.6120293645939700e+01 7.3378888906025126e-03 -9.9967302904630062e-01 -2.4494701141742087e-02 1.6189045922413076e-01 7.6322205444160118e-01 -1.0227837754021221e-02 6.4605532808639365e-01 -1.7939385086113482e+01 0.0000000000000000e+00 0.0000000000000000e+00 0.0000000000000000e+00 1.0000000000000000e+00</transform>
        <orientation>1</orientation>
      </camera>
      <camera id="28" sensor_id="0" label="DSC01157" enabled="1">
        <transform>-6.4050296837592158e-01 -9.2259730433956771e-02 7.6239365792344227e-01 -1.6205003532066712e+01 2.7893319530196754e-02 -9.9489715027283554e-01 -9.6961967309751235e-02 -3.0958364345777678e-01 7.6744896262045947e-01 -4.0838737973210630e-02 6.3980800811926009e-01 -1.7823012116431343e+01 0.0000000000000000e+00 0.0000000000000000e+00 0.0000000000000000e+00 1.0000000000000000e+00</transform>
        <orientation>1</orientation>
      </camera>
      <camera id="29" sensor_id="0" label="DSC01158" enabled="1">
        <transform>-6.5083939691350690e-01 -1.7427343909372095e-01 7.3894306130561227e-01 -1.6331985654754657e+01 2.7314817212101980e-02 -9.7804307298269788e-01 -2.0660505354717404e-01 -8.5327936635292023e-01 7.5872391565439146e-01 -1.1428261380021168e-01 6.4130921090926152e-01 -1.7761986075755996e+01 0.0000000000000000e+00 0.0000000000000000e+00 0.0000000000000000e+00 1.0000000000000000e+00</transform>
        <orientation>1</orientation>
      </camera>
      <camera id="30" sensor_id="0" label="DSC01159" enabled="1">
        <transform>-6.6892977609181847e-01 -1.5995504872838384e-01 7.2591138374050168e-01 -1.3813211537128787e+01 2.6135192651338485e-02 -9.8102985349862926e-01 -1.9208690285788704e-01 4.3983345003227248e+00 7.4286600835064920e-01 -1.0952081505703959e-01 6.6042053625429831e-01 -2.0140900842687319e+01 0.0000000000000000e+00 0.0000000000000000e+00 0.0000000000000000e+00 1.0000000000000000e+00</transform>
        <orientation>1</orientation>
      </camera>
      <camera id="31" sensor_id="0" label="DSC01160" enabled="1">
        <transform>-7.3543694567688200e-01 -1.6043763161477245e-01 6.5832534912101137e-01 -1.3856675037228277e+01 4.4542493335243773e-02 -9.8090976868448276e-01 -1.8929340185762997e-01 5.4608982228241718e+00 6.7612755099976407e-01 -1.0988990882331731e-01 7.2854357640285583e-01 -2.0448393529719151e+01 0.0000000000000000e+00 0.0000000000000000e+00 0.0000000000000000e+00 1.0000000000000000e+00</transform>
        <orientation>1</orientation>
      </camera>
      <camera id="32" sensor_id="0" label="DSC01161" enabled="1">
        <transform>-7.4511475873076671e-01 -1.1613012713369010e-01 6.5674788914278526e-01 -1.3909034943033586e+01 3.7587048369862666e-02 -9.9047053862924073e-01 -1.3249651279314245e-01 6.2071194360866677e+00 6.6587627237830971e-01 -7.4039892486515199e-02 7.4237920512643163e-01 -2.0516085693688630e+01 0.0000000000000000e+00 0.0000000000000000e+00 0.0000000000000000e+00 1.0000000000000000e+00</transform>
        <orientation>1</orientation>
      </camera>
      <camera id="33" sensor_id="0" label="DSC01162" enabled="1">
        <transform>-7.5095208818485282e-01 -8.4721485730824581e-02 6.5489940533365176e-01 -1.3910250937604097e+01 2.9965472686357849e-02 -9.9508615900942987e-01 -9.4369521533929759e-02 6.7747569289654654e+00 6.5967645986308476e-01 -5.1242619014072441e-02 7.4980074839859023e-01 -2.0526296525106861e+01 0.0000000000000000e+00 0.0000000000000000e+00 0.0000000000000000e+00 1.0000000000000000e+00</transform>
        <orientation>1</orientation>
      </camera>
      <camera id="34" sensor_id="0" label="DSC01163" enabled="1">
        <transform>-7.7568496944946463e-01 -2.8075501225935294e-02 6.3049551497302148e-01 -1.3915847518898081e+01 3.7187855158076481e-02 -9.9930750695588888e-01 1.2529845760934147e-03 7.4933990393541343e+00 6.3002372304455723e-01 2.4418697191261239e-02 7.7619188067677980e-01 -2.0699382713141052e+01 0.0000000000000000e+00 0.0000000000000000e+00 0.0000000000000000e+00 1.0000000000000000e+00</transform>
        <orientation>1</orientation>
      </camera>
      <camera id="35" sensor_id="0" label="DSC01164" enabled="1">
        <transform>-2.8639689034705906e-01 -9.8307868767495171e-02 9.5305423987196436e-01 -1.5998805366074034e+01 3.1343069729753710e-02 -9.9515099918205485e-01 -9.3231436795072231e-02 7.2420143580522707e+00 9.5759826293673411e-01 3.1704519158473193e-03 2.8808942197727250e-01 -1.6137634322138059e+01 0.0000000000000000e+00 0.0000000000000000e+00 0.0000000000000000e+00 1.0000000000000000e+00</transform>
        <orientation>1</orientation>
      </camera>
      <camera id="36" sensor_id="0" label="DSC01165" enabled="1">
        <transform>-2.9501266471461529e-01 -1.2470908816140820e-01 9.4731999397665645e-01 -1.5934122679465112e+01 3.2268417232765981e-02 -9.9218075178140086e-01 -1.2056577061416075e-01 6.8184214622962855e+00 9.5494831111808065e-01 -4.9999124436745229e-03 2.9673005235109173e-01 -1.5941793669572222e+01 0.0000000000000000e+00 0.0000000000000000e+00 0.0000000000000000e+00 1.0000000000000000e+00</transform>
        <orientation>1</orientation>
      </camera>
      <camera id="37" sensor_id="0" label="DSC01166" enabled="1">
        <transform>-3.1004607597853806e-01 -1.2535499712051851e-01 9.4242111365738479e-01 -1.6048423864237588e+01 2.0209169011374692e-02 -9.9191435293871411e-01 -1.2528968801159077e-01 6.3565385194953592e+00 9.5050671762917083e-01 -1.9800028562778960e-02 3.1007247315866804e-01 -1.5941254096071383e+01 0.0000000000000000e+00 0.0000000000000000e+00 0.0000000000000000e+00 1.0000000000000000e+00</transform>
        <orientation>1</orientation>
      </camera>
      <camera id="38" sensor_id="0" label="DSC01167" enabled="1">
        <transform>-3.1573774581649916e-01 -1.2494995042716889e-01 9.4058342838632025e-01 -1.6014396904447501e+01 5.4013399745113932e-03 -9.9151208275523084e-01 -1.2990232975918475e-01 5.8489072350226357e+00 9.4883112374815981e-01 -3.5934657903370540e-02 3.1373268712101465e-01 -1.5856565199494987e+01 0.0000000000000000e+00 0.0000000000000000e+00 0.0000000000000000e+00 1.0000000000000000e+00</transform>
        <orientation>1</orientation>
      </camera>
      <camera id="39" sensor_id="0" label="DSC01168" enabled="1">
        <transform>-2.9101533844401550e-01 -1.0846124832792359e-01 9.5055048808648968e-01 -1.6006855906184253e+01 5.5677922533269031e-05 -9.9355498536600828e-01 -1.1335117094375269e-01 5.3859206262831183e+00 9.5671838578041557e-01 -3.2934004698782021e-02 2.8914577922601015e-01 -1.5706445182398115e+01 0.0000000000000000e+00 0.0000000000000000e+00 0.0000000000000000e+00 1.0000000000000000e+00</transform>
        <orientation>1</orientation>
      </camera>
      <camera id="40" sensor_id="0" label="DSC01169" enabled="1">
        <transform>-3.0284282676814489e-01 -1.3014790545848509e-01 9.4411214639991192e-01 -1.6119812366782028e+01 1.5688349798827106e-02 -9.9117825680311855e-01 -1.3160371925337372e-01 4.7634633299722813e+00 9.5291137990668850e-01 -2.5043680749849764e-02 3.0221303098779628e-01 -1.5533607992651245e+01 0.0000000000000000e+00 0.0000000000000000e+00 0.0000000000000000e+00 1.0000000000000000e+00</transform>
        <orientation>1</orientation>
      </camera>
      <camera id="41" sensor_id="0" label="DSC01170" enabled="1">
        <transform>-2.6491654240357154e-01 -1.5063598981141801e-01 9.5243268745590148e-01 -1.6211690616331911e+01 3.8054075686085556e-02 -9.8858644967728804e-01 -1.4576940295594432e-01 3.8919317577227086e+00 9.6352016734711587e-01 -2.3727806449730104e-03 2.6762521747286183e-01 -1.5541449931680440e+01 0.0000000000000000e+00 0.0000000000000000e+00 0.0000000000000000e+00 1.0000000000000000e+00</transform>
        <orientation>1</orientation>
      </camera>
      <camera id="42" sensor_id="0" label="DSC01171" enabled="1">
        <transform>-2.6367580521030543e-01 -1.0746209500739332e-01 9.5860678480976713e-01 -1.6335524895098274e+01 6.2288595834126013e-02 -9.9359790043685836e-01 -9.4251488457636451e-02 2.8558468791233285e+00 9.6259815113873459e-01 3.4858433471529504e-02 2.6868138945636144e-01 -1.5191555005961479e+01 0.0000000000000000e+00 0.0000000000000000e+00 0.0000000000000000e+00 1.0000000000000000e+00</transform>
        <orientation>1</orientation>
      </camera>
      <camera id="43" sensor_id="0" label="DSC01172" enabled="1">
        <transform>-2.8118548549605449e-01 -1.3810073951372115e-01 9.4966462948354136e-01 -1.6367463448553060e+01 8.9421380856246097e-02 -9.8905623495258932e-01 -1.1735237853222545e-01 1.6174146017287661e+00 9.5547817316363148e-01 5.1922536987052972e-02 2.9045741643262946e-01 -1.5172360269479974e+01 0.0000000000000000e+00 0.0000000000000000e+00 0.0000000000000000e+00 1.0000000000000000e+00</transform>
        <orientation>1</orientation>
      </camera>
      <camera id="44" sensor_id="0" label="DSC01173" enabled="1">
        <transform>-3.0097339240458332e-01 -1.4739265297797829e-01 9.4217324463847407e-01 -1.6459774899523833e+01 1.0155805306414539e-01 -9.8731900248776083e-01 -1.2201290581079120e-01 7.7226584547458377e-01 9.4820935395212014e-01 5.8962642195597451e-02 3.1212566043665346e-01 -1.5195365267067462e+01 0.0000000000000000e+00 0.0000000000000000e+00 0.0000000000000000e+00 1.0000000000000000e+00</transform>
        <orientation>1</orientation>
      </camera>
      <camera id="45" sensor_id="0" label="DSC01174" enabled="1">
        <transform>-2.9545406063393431e-01 -1.5170308397070228e-01 9.4323542785918402e-01 -1.6769043528550124e+01 1.0112767974337730e-01 -9.8673128001722454e-01 -1.2702194072399645e-01 -1.4749473155697884e-01 9.4998952122886104e-01 5.7858062094643302e-02 3.0687514432748098e-01 -1.5165900270204238e+01 0.0000000000000000e+00 0.0000000000000000e+00 0.0000000000000000e+00 1.0000000000000000e+00</transform>
        <orientation>1</orientation>
      </camera>
      <camera id="46" sensor_id="0" label="DSC01175" enabled="1">
        <transform>-2.7283391312832228e-01 -6.8905983754243033e-02 9.5959034032755197e-01 -1.6913374646892908e+01 9.0006865074036602e-02 -9.9488521892962245e-01 -4.5849377257508352e-02 -1.2653410142013217e+00 9.5784154226397555e-01 7.3860453276548124e-02 2.7764043897665835e-01 -1.5075613120024695e+01 0.0000000000000000e+00 0.0000000000000000e+00 0.0000000000000000e+00 1.0000000000000000e+00</transform>
        <orientation>1</orientation>
      </camera>
      <camera id="47" sensor_id="0" label="DSC01176" enabled="1">
        <transform>-1.8998401450239788e-01 1.1193165663237879e-02 9.8172337614828553e-01 -1.7201258878619690e+01 7.7561494916632584e-02 -9.9663869060787857e-01 2.6372995463362511e-02 -1.9913823412461851e+00 9.7871869745083040e-01 8.1154380201247753e-02 1.8847726078840799e-01 -1.5046561633900623e+01 0.0000000000000000e+00 0.0000000000000000e+00 0.0000000000000000e+00 1.0000000000000000e+00</transform>
        <orientation>1</orientation>
      </camera>
      <camera id="48" sensor_id="0" label="DSC01177" enabled="1">
        <transform>2.8005467775825565e-01 -1.6958054732290440e-01 9.4488719720154102e-01 -1.5985910193925719e+01 1.7100780339761715e-02 -9.8323640468901474e-01 -1.8153163858124374e-01 7.5394665120511402e+00 9.5983172524015414e-01 6.6997092950995013e-02 -2.7245999478570226e-01 -1.3603950711026117e+01 0.0000000000000000e+00 0.0000000000000000e+00 0.0000000000000000e+00 1.0000000000000000e+00</transform>
        <orientation>1</orientation>
      </camera>
      <camera id="49" sensor_id="0" label="DSC01178" enabled="1">
        <transform>2.6912943948715429e-01 -1.7463860127804609e-01 9.4713816507676296e-01 -1.6078692711916968e+01 3.0730705192995172e-03 -9.8326178637570227e-01 -1.8217248884188408e-01 7.2144765236701760e+00 9.6309911278066984e-01 5.1938602184797011e-02 -2.6408801669931181e-01 -1.3531681926124467e+01 0.0000000000000000e+00 0.0000000000000000e+00 0.0000000000000000e+00 1.0000000000000000e+00</transform>
        <orientation>1</orientation>
      </camera>
      <camera id="50" sensor_id="0" label="DSC01179" enabled="1">
        <transform>2.6512647984562332e-01 -1.9142936106801306e-01 9.4501997301949126e-01 -1.6068268488772588e+01 5.3912814583075425e-03 -9.7978433326652525e-01 -1.9998398528309214e-01 6.8934198093961774e+00 9.6419857071502912e-01 5.8115918701875491e-02 -2.5873472172194367e-01 -1.3463107187142827e+01 0.0000000000000000e+00 0.0000000000000000e+00 0.0000000000000000e+00 1.0000000000000000e+00</transform>
        <orientation>1</orientation>
      </camera>
      <camera id="51" sensor_id="0" label="DSC01180" enabled="1">
        <transform>2.6921137282959939e-01 -1.9186477441939584e-01 9.4377600365563252e-01 -1.6037451720106674e+01 -3.2467975495559798e-03 -9.8013008182645744e-01 -1.9832922377837825e-01 6.5468611322755343e+00 9.6307564346985453e-01 5.0328232989607230e-02 -2.6448511095951943e-01 -1.3419193914233345e+01 0.0000000000000000e+00 0.0000000000000000e+00 0.0000000000000000e+00 1.0000000000000000e+00</transform>
        <orientation>1</orientation>
      </camera>
      <camera id="52" sensor_id="0" label="DSC01181" enabled="1">
        <transform>2.6564530394897046e-01 -1.7757381827578267e-01 9.4757591334563729e-01 -1.6062834670013320e+01 -3.4143208881210613e-03 -9.8305746746564970e-01 -1.8326581261352587e-01 6.0982552376350743e+00 9.6406478771021009e-01 4.5448374261158705e-02 -2.6175089374113991e-01 -1.3321224083425399e+01 0.0000000000000000e+00 0.0000000000000000e+00 0.0000000000000000e+00 1.0000000000000000e+00</transform>
        <orientation>1</orientation>
      </camera>
      <camera id="53" sensor_id="0" label="DSC01182" enabled="1">
        <transform>2.8156832522099218e-01 -1.3929846099912560e-01 9.4937622521080700e-01 -1.6051006097355415e+01 -9.6882813878873542e-03 -9.8976872179095310e-01 -1.4235172836341631e-01 5.3984897817363731e+00 9.5949226960721001e-01 3.0883913734788097e-02 -2.8003708403785965e-01 -1.3035326981261774e+01 0.0000000000000000e+00 0.0000000000000000e+00 0.0000000000000000e+00 1.0000000000000000e+00</transform>
        <orientation>1</orientation>
      </camera>
      <camera id="54" sensor_id="0" label="DSC01183" enabled="1">
        <transform>3.2208855745081899e-01 -1.2802621814839527e-01 9.3801292561769656e-01 -1.5844304959921431e+01 -2.6193272432165418e-02 -9.9163966025260397e-01 -1.2635148077246494e-01 4.1172558505950905e+00 9.4634712111283203e-01 1.6126738068181289e-02 -3.2274921329220219e-01 -1.2610106161755567e+01 0.0000000000000000e+00 0.0000000000000000e+00 0.0000000000000000e+00 1.0000000000000000e+00</transform>
        <orientation>1</orientation>
      </camera>
      <camera id="55" sensor_id="0" label="DSC01184" enabled="1">
        <transform>3.8926571973388246e-01 4.8658824729003486e-02 9.1983939805601622e-01 -1.5832805554503484e+01 -5.8447773429822387e-03 -9.9845318225609769e-01 5.5290880084175639e-02 2.8050649170692936e+00 9.2110696339669107e-01 -2.6899100703626638e-02 -3.8837919661519293e-01 -1.2633368293850385e+01 0.0000000000000000e+00 0.0000000000000000e+00 0.0000000000000000e+00 1.0000000000000000e+00</transform>
        <orientation>1</orientation>
      </camera>
      <camera id="56" sensor_id="0" label="DSC01185" enabled="1">
        <transform>3.3050587385641372e-01 -1.2206661095730242e-01 9.3587692023887836e-01 -1.5807272127215830e+01 -9.1621344584072104e-03 -9.9196923242176904e-01 -1.2614712529714101e-01 1.9924584052729477e+00 9.4375946227763752e-01 3.3117735701057402e-02 -3.2897004870270496e-01 -1.2669506260244837e+01 0.0000000000000000e+00 0.0000000000000000e+00 0.0000000000000000e+00 1.0000000000000000e+00</transform>
        <orientation>1</orientation>
      </camera>
      <camera id="57" sensor_id="0" label="DSC01186" enabled="1">
        <transform>3.9298929785915582e-01 -1.2026607274365735e-01 9.1164438434895501e-01 -1.6034968746717805e+01 3.4611732768083756e-02 -9.8877302556013946e-01 -1.4536138372841148e-01 9.6512419882834000e-01 9.1889141889722681e-01 8.8679059937874005e-02 -3.8441459988608184e-01 -1.2516201369126714e+01 0.0000000000000000e+00 0.0000000000000000e+00 0.0000000000000000e+00 1.0000000000000000e+00</transform>
        <orientation>1</orientation>
      </camera>
      <camera id="58" sensor_id="0" label="DSC01187" enabled="1">
        <transform>3.8802996212001051e-01 -6.9959494984364157e-02 9.1898771349712616e-01 -1.6230881472222084e+01 5.9171891720027986e-02 -9.9316672036732256e-01 -1.0059101741750982e-01 3.1449979271762823e-01 9.1974531025029782e-01 9.3410570153217701e-02 -3.8123880922098452e-01 -1.2375855701686012e+01 0.0000000000000000e+00 0.0000000000000000e+00 0.0000000000000000e+00 1.0000000000000000e+00</transform>
        <orientation>1</orientation>
      </camera>
      <camera id="59" sensor_id="0" label="DSC01188" enabled="1">
        <transform>4.1157912859712797e-01 -5.6958197021900525e-02 9.0959242779128457e-01 -1.6217245826604294e+01 5.9702291993660450e-02 -9.9421636231450627e-01 -8.9271838990881938e-02 -9.8987569216488580e-01 9.0941643774122127e-01 9.1047178419348077e-02 -4.0579816912837696e-01 -1.2152076197018610e+01 0.0000000000000000e+00 0.0000000000000000e+00 0.0000000000000000e+00 1.0000000000000000e+00</transform>
        <orientation>1</orientation>
      </camera>
      <camera id="60" sensor_id="0" label="DSC01189" enabled="1">
        <transform>4.3579135597485741e-01 1.3363814400987432e-02 8.9994849992777415e-01 -1.6494350298180628e+01 7.1330467923853211e-03 -9.9990964319038700e-01 1.1394081723888800e-02 -1.7069631265087470e+00 9.0001945184593246e-01 1.4539324361799513e-03 -4.3584730397172156e-01 -1.1972881021742044e+01 0.0000000000000000e+00 0.0000000000000000e+00 0.0000000000000000e+00 1.0000000000000000e+00</transform>
        <orientation>1</orientation>
      </camera>
      <camera id="61" sensor_id="0" label="DSC01190" enabled="1">
        <transform>5.2291140847857609e-01 -1.8457523004267412e-01 8.3216323118583257e-01 -1.5145622359362603e+01 8.9545338888380732e-03 -9.7503052816275393e-01 -2.2189025547214711e-01 7.0879937762626071e+00 8.5233999976874564e-01 1.2348057987131003e-01 -5.0820180163873840e-01 -1.1123954175747841e+01 0.0000000000000000e+00 0.0000000000000000e+00 0.0000000000000000e+00 1.0000000000000000e+00</transform>
        <orientation>1</orientation>
      </camera>
      <camera id="62" sensor_id="0" label="DSC01191" enabled="1">
        <transform>5.4565916769359935e-01 -1.5767235510295213e-01 8.2304040067800810e-01 -1.5184981223714979e+01 1.0825806632369012e-02 -9.8073175013882341e-01 -1.9505905818597355e-01 6.3985439061116089e+00 8.3793727368024751e-01 1.1534583956922342e-01 -5.3343834008382318e-01 -1.1029663102480058e+01 0.0000000000000000e+00 0.0000000000000000e+00 0.0000000000000000e+00 1.0000000000000000e+00</transform>
        <orientation>1</orientation>
      </camera>
      <camera id="63" sensor_id="0" label="DSC01192" enabled="1">
        <transform>5.4068440686653096e-01 -1.5029233926623625e-01 8.2769111686019092e-01 -1.5106173878008375e+01 -7.7747604720408148e-03 -9.8476184451171855e-01 -1.7373446029351877e-01 5.7178261855105648e+00 8.4118958937387600e-01 8.7500413437654107e-02 -5.3361386074318706e-01 -1.0987301590119898e+01 0.0000000000000000e+00 0.0000000000000000e+00 0.0000000000000000e+00 1.0000000000000000e+00</transform>
        <orientation>1</orientation>
      </camera>
      <camera id="64" sensor_id="0" label="DSC01193" enabled="1">
        <transform>5.3499567141286963e-01 -1.4705599292359822e-01 8.3195803170277005e-01 -1.5030651673575123e+01 -3.0851621715896019e-02 -9.8747867284410717e-01 -1.5470632862148856e-01 4.8762538905315269e+00 8.4429130577484457e-01 5.7099961675078054e-02 -5.3283373144885693e-01 -1.0905516359922052e+01 0.0000000000000000e+00 0.0000000000000000e+00 0.0000000000000000e+00 1.0000000000000000e+00</transform>
        <orientation>1</orientation>
      </camera>
      <camera id="65" sensor_id="0" label="DSC01194" enabled="1">
        <transform>5.7913880770181203e-01 -1.0834108383579663e-01 8.0799780381323349e-01 -1.4537079297961517e+01 -1.6142400304059674e-02 -9.9245959750200308e-01 -1.2150460994787556e-01 3.4324158676469532e+00 8.1506911628778289e-01 5.7325010941532070e-02 -5.7652075313418327e-01 -1.0909391916111089e+01 0.0000000000000000e+00 0.0000000000000000e+00 0.0000000000000000e+00 1.0000000000000000e+00</transform>
        <orientation>1</orientation>
      </camera>
      <camera id="66" sensor_id="0" label="DSC01195" enabled="1">
        <transform>6.3302219053746822e-01 -1.0802538101070319e-01 7.6655947149887793e-01 -1.4342029230508876e+01 -3.8678227630940532e-02 -9.9339266982204277e-01 -1.0805090583221938e-01 2.2269116205695858e+00 7.7316680024072149e-01 3.8749459368182089e-02 -6.3301783419126378e-01 -1.0890063741297014e+01 0.0000000000000000e+00 0.0000000000000000e+00 0.0000000000000000e+00 1.0000000000000000e+00</transform>
        <orientation>1</orientation>
      </camera>
      <camera id="67" sensor_id="0" label="DSC01196" enabled="1">
        <transform>6.6392178093363341e-01 -8.0872083371309106e-02 7.4341615191835586e-01 -1.4456686962466224e+01 1.9406987660146369e-02 -9.9193676972816824e-01 -1.2523902623066752e-01 1.1707396361146527e+00 7.4755015726830731e-01 9.7576385424091860e-02 -6.5699894320744390e-01 -1.0849977306888523e+01 0.0000000000000000e+00 0.0000000000000000e+00 0.0000000000000000e+00 1.0000000000000000e+00</transform>
        <orientation>1</orientation>
      </camera>
      <camera id="68" sensor_id="0" label="DSC01197" enabled="1">
